34 95 189.44
Run Greedy	with type: 0	algorithm: 2	turn_ls: 0
Include these partial solution into CPLEX: 
S.size() ----> 34	34
#Vars: 34
CPLEX pokrenut
CPLEX finds optimal

obj: 9.78005
Sets in the solution: {
S_2, S_4, S_7, S_11, S_15, S_18, S_20, S_22, S_25, S_29, S_33, }
time:0.328154 s
guards:11
el: 2
el: 4
el: 7
el: 11
el: 15
el: 18
el: 20
el: 22
el: 25
el: 29
el: 33
obj:9.78005
9.780052;11;0.328154
