woagp-fat-8:1.000000
woagp-fat-10:1.000000
woagp-fat-12:1.000000
woagp-fat-14:1.000000
woagp-fat-16:1.000000
woagp-fat-18:1.000000
woagp-fat-20:1.000000
woagp-fat-22:1.000000
woagp-fat-24:0.994505
woagp-fat-26:0.995370
woagp-fat-28:0.996063
woagp-fat-30:1.000000
woagp-fat-32:1.000000
woagp-fat-34:1.000000
woagp-fat-36:1.000000
woagp-fat-38:1.000000
woagp-fat-40:1.000000
woagp-fat-42:1.000000
woagp-fat-44:1.000000
woagp-fat-46:1.000000
woagp-fat-48:1.000000
woagp-fat-50:1.000000
woagp-fat-52:1.000000
woagp-fat-54:1.000000
woagp-fat-56:1.000000
woagp-fat-58:1.000000
woagp-fat-60:1.000000
woagp-fat-62:1.000000
woagp-fat-64:1.000000
woagp-fat-66:1.000000
woagp-fat-68:1.000000
woagp-fat-70:1.000000
woagp-fat-72:1.000000
woagp-fat-74:1.000000
woagp-fat-76:1.000000
woagp-fat-78:1.000000
woagp-fat-80:1.000000
woagp-fat-82:1.000000
woagp-fat-84:1.000000
woagp-fat-86:1.000000
woagp-fat-88:1.000000
woagp-fat-90:1.000000
woagp-fat-92:1.000000
woagp-fat-94:1.000000
woagp-fat-96:1.000000
woagp-fat-98:1.000000
woagp-fat-100:1.000000
woagp-fat-102:1.000000
woagp-fat-104:1.000000
woagp-fat-106:1.000000
woagp-fat-108:1.000000
woagp-fat-110:1.000000
woagp-fat-112:1.000000
woagp-fat-114:1.000000
woagp-fat-116:1.000000
woagp-fat-118:1.000000
woagp-fat-120:1.000000
woagp-fat-122:1.000000
woagp-fat-124:1.000000
woagp-fat-126:1.000000
woagp-fat-128:1.000000
woagp-fat-130:1.000000
woagp-fat-132:1.000000
woagp-fat-134:1.000000
woagp-fat-136:1.000000
woagp-fat-138:1.000000
woagp-fat-140:1.000000
woagp-fat-142:1.000000
woagp-fat-144:1.000000
woagp-fat-146:1.000000
woagp-fat-148:1.000000
woagp-fat-150:1.000000
woagp-fat-152:1.000000
woagp-fat-154:1.000000
woagp-fat-156:1.000000
woagp-fat-158:1.000000
woagp-fat-160:1.000000
woagp-fat-162:1.000000
woagp-fat-164:1.000000
woagp-fat-166:1.000000
woagp-fat-168:1.000000
woagp-fat-170:1.000000
woagp-fat-172:1.000000
woagp-fat-174:1.000000
woagp-fat-176:1.000000
woagp-fat-178:1.000000
woagp-fat-180:1.000000
woagp-fat-182:1.000000
woagp-fat-184:1.000000
woagp-fat-186:1.000000
woagp-fat-188:1.000000
woagp-fat-190:1.000000
woagp-fat-192:1.000000
woagp-fat-194:1.000000
woagp-fat-196:1.000000
woagp-fat-198:1.000000
woagp-fat-200:1.000000
