woagp-min-8:0.800000
woagp-min-10:0.928571
woagp-min-12:1.000000
woagp-min-14:0.818182
woagp-min-16:0.884615
woagp-min-18:1.000000
woagp-min-20:0.911765
woagp-min-22:0.921053
woagp-min-24:0.928571
woagp-min-26:0.913043
woagp-min-28:0.940000
woagp-min-30:0.907407
woagp-min-32:0.931035
woagp-min-34:0.951613
woagp-min-36:0.924242
woagp-min-38:0.914286
woagp-min-40:0.932432
woagp-min-42:0.923077
woagp-min-44:0.926829
woagp-min-46:0.941860
woagp-min-48:0.933333
woagp-min-50:0.914894
woagp-min-52:0.928571
woagp-min-54:0.921569
woagp-min-56:0.924528
woagp-min-58:0.936364
woagp-min-60:0.929825
woagp-min-62:0.915254
woagp-min-64:0.926230
woagp-min-66:0.920635
woagp-min-68:0.923077
woagp-min-70:0.932836
woagp-min-72:0.927536
woagp-min-74:0.915493
woagp-min-76:0.924658
woagp-min-78:0.920000
woagp-min-80:0.922078
woagp-min-82:0.930380
woagp-min-84:0.925926
woagp-min-86:0.915663
woagp-min-88:0.923529
woagp-min-90:0.919540
woagp-min-92:0.921348
woagp-min-94:0.928571
woagp-min-96:0.924731
woagp-min-98:0.915789
woagp-min-100:0.922680
woagp-min-102:0.919192
woagp-min-104:0.920792
woagp-min-106:0.927184
woagp-min-108:0.923810
woagp-min-110:0.915888
woagp-min-112:0.922018
woagp-min-114:0.918919
woagp-min-116:0.920354
woagp-min-118:0.926087
woagp-min-120:0.923077
woagp-min-122:0.915966
woagp-min-124:0.921488
woagp-min-126:0.918699
woagp-min-128:0.920000
woagp-min-130:0.925197
woagp-min-132:0.922481
woagp-min-134:0.916031
woagp-min-136:0.921053
woagp-min-138:0.918519
woagp-min-140:0.919708
woagp-min-142:0.924460
woagp-min-144:0.921986
woagp-min-146:0.916084
woagp-min-148:0.920690
woagp-min-150:0.918367
woagp-min-152:0.919463
woagp-min-154:0.923841
woagp-min-156:0.921569
woagp-min-158:0.916129
woagp-min-160:0.920382
woagp-min-162:0.918239
woagp-min-164:0.919255
woagp-min-166:0.923313
woagp-min-168:0.921212
woagp-min-170:0.916168
woagp-min-172:0.920118
woagp-min-174:0.918129
woagp-min-176:0.919075
woagp-min-178:0.922857
woagp-min-180:0.920904
woagp-min-182:0.916201
woagp-min-184:0.919890
woagp-min-186:0.918033
woagp-min-188:0.918919
woagp-min-190:0.922460
woagp-min-192:0.920635
woagp-min-194:0.916230
woagp-min-196:0.919689
woagp-min-198:0.917949
woagp-min-200:0.921320
