woagp-min-8:0.800000
woagp-min-10:0.857143
woagp-min-12:0.888889
woagp-min-14:0.818182
woagp-min-16:0.846154
woagp-min-18:0.866667
woagp-min-20:0.852941
woagp-min-22:0.868421
woagp-min-24:0.904762
woagp-min-26:0.869565
woagp-min-28:0.880000
woagp-min-30:0.888889
woagp-min-32:0.896552
woagp-min-34:0.870968
woagp-min-36:0.878788
woagp-min-38:0.885714
woagp-min-40:0.864865
woagp-min-42:0.871795
woagp-min-44:0.853659
woagp-min-46:0.860465
woagp-min-48:0.866667
woagp-min-50:0.851064
woagp-min-52:0.857143
woagp-min-54:0.862745
woagp-min-56:0.867925
woagp-min-58:0.854545
woagp-min-60:0.859649
woagp-min-62:0.847458
woagp-min-64:0.852459
woagp-min-66:0.857143
woagp-min-68:0.861538
woagp-min-70:0.850746
woagp-min-72:0.855072
woagp-min-74:0.845070
woagp-min-76:0.849315
woagp-min-78:0.853333
woagp-min-80:0.857143
woagp-min-82:0.848101
woagp-min-84:0.851852
woagp-min-86:0.855422
woagp-min-88:0.847059
woagp-min-90:0.850575
woagp-min-92:0.842697
woagp-min-94:0.846154
woagp-min-96:0.849462
woagp-min-98:0.852632
woagp-min-100:0.845361
woagp-min-102:0.848485
woagp-min-104:0.841584
woagp-min-106:0.844660
woagp-min-108:0.847619
woagp-min-110:0.841121
woagp-min-112:0.844037
woagp-min-114:0.846847
woagp-min-116:0.840708
woagp-min-118:0.843478
woagp-min-120:0.846154
woagp-min-122:0.840336
woagp-min-124:0.842975
woagp-min-126:0.845528
woagp-min-128:0.848000
woagp-min-130:0.842520
woagp-min-132:0.844961
woagp-min-134:0.839695
woagp-min-136:0.842105
woagp-min-138:0.844444
woagp-min-140:0.846715
woagp-min-142:0.841727
woagp-min-144:0.843972
woagp-min-146:0.846154
woagp-min-148:0.841379
woagp-min-150:0.843537
woagp-min-152:0.838926
woagp-min-154:0.841060
woagp-min-156:0.843137
woagp-min-158:0.845161
woagp-min-160:0.840764
woagp-min-162:0.842767
woagp-min-164:0.844720
woagp-min-166:0.840491
woagp-min-168:0.842424
woagp-min-170:0.838323
woagp-min-172:0.840237
woagp-min-174:0.842105
woagp-min-176:0.843931
woagp-min-178:0.840000
woagp-min-180:0.841808
woagp-min-182:0.837989
woagp-min-184:0.839779
woagp-min-186:0.841530
woagp-min-188:0.843243
woagp-min-190:0.839572
woagp-min-192:0.841270
woagp-min-194:0.842932
woagp-min-196:0.839378
woagp-min-198:0.841026
woagp-min-200:0.840102
